7298887279119961016982997185781016169906997
3687666465697361718583575158606151746386
5686786672827861668683665751665556716298
53105755380997882616381596155765380686281
971711451041201551481251261411471089110913091103130106138
559176675811171966067104746581966164856187
8814212910911314911912110212313696105105120969410095125
541078083101108100978890106757456817559756289
4488815055867773746781644966756449697189
63103102748710211182778084787057935667717397
47101775276948292767690676372777756686384
611079565881008168819796596578698560646989
801231137696135110958710011791797411183869868106
68105967884112928665951037981678469778175108
8011912172941181088780103103798291796881867897
4993715974838674718382555954714364766797
4389725952747450607373605259625071605377
6910588828499909164103108917871856974835998
6188776493757360669986506350563562625889
601139466929298557789816158636956767072101
